;uid[1];uid[1]@xsi:type;etatCivil[1];etatCivil[1]/ident[1];etatCivil[1]/ident[1]/civ[1];etatCivil[1]/ident[1]/prenom[1];etatCivil[1]/ident[1]/nom[1];etatCivil[1]/ident[1]/alpha[1];etatCivil[1]/ident[1]/trigramme[1];etatCivil[1]/infoNaissance[1];etatCivil[1]/infoNaissance[1]/dateNais[1];etatCivil[1]/infoNaissance[1]/villeNais[1];etatCivil[1]/infoNaissance[1]/depNais[1];etatCivil[1]/infoNaissance[1]/paysNais[1];etatCivil[1]/dateDeces[1];profession[1];profession[1]/libelleCourant[1];profession[1]/socProcINSEE[1];profession[1]/socProcINSEE[1]/catSocPro[1];profession[1]/socProcINSEE[1]/famSocPro[1];uri_hatvp[1];adresses[1];adresses[1]/adresse[1];adresses[1]/adresse[1]@xsi:type;adresses[1]/adresse[1]/uid[1];adresses[1]/adresse[1]/type[1];adresses[1]/adresse[1]/typeLibelle[1];adresses[1]/adresse[1]/poids[1];adresses[1]/adresse[1]/adresseDeRattachement[1];adresses[1]/adresse[1]/intitule[1];adresses[1]/adresse[1]/numeroRue[1];adresses[1]/adresse[1]/nomRue[1];adresses[1]/adresse[1]/complementAdresse[1];adresses[1]/adresse[1]/codePostal[1];adresses[1]/adresse[1]/ville[1];adresses[1]/adresse[2];adresses[1]/adresse[2]@xsi:type;adresses[1]/adresse[2]/uid[1];adresses[1]/adresse[2]/type[1];adresses[1]/adresse[2]/typeLibelle[1];adresses[1]/adresse[2]/poids[1];adresses[1]/adresse[2]/adresseDeRattachement[1];adresses[1]/adresse[2]/valElec[1];adresses[1]/adresse[3];adresses[1]/adresse[3]@xsi:type;adresses[1]/adresse[3]/uid[1];adresses[1]/adresse[3]/type[1];adresses[1]/adresse[3]/typeLibelle[1];adresses[1]/adresse[3]/poids[1];adresses[1]/adresse[3]/adresseDeRattachement[1];adresses[1]/adresse[3]/valElec[1];adresses[1]/adresse[4];adresses[1]/adresse[4]@xsi:type;adresses[1]/adresse[4]/uid[1];adresses[1]/adresse[4]/type[1];adresses[1]/adresse[4]/typeLibelle[1];adresses[1]/adresse[4]/poids[1];adresses[1]/adresse[4]/adresseDeRattachement[1];adresses[1]/adresse[4]/intitule[1];adresses[1]/adresse[4]/numeroRue[1];adresses[1]/adresse[4]/nomRue[1];adresses[1]/adresse[4]/complementAdresse[1];adresses[1]/adresse[4]/codePostal[1];adresses[1]/adresse[4]/ville[1];adresses[1]/adresse[5];adresses[1]/adresse[5]@xsi:type;adresses[1]/adresse[5]/uid[1];adresses[1]/adresse[5]/type[1];adresses[1]/adresse[5]/typeLibelle[1];adresses[1]/adresse[5]/poids[1];adresses[1]/adresse[5]/adresseDeRattachement[1];adresses[1]/adresse[5]/valElec[1];mandats[1];mandats[1]/mandat[1];mandats[1]/mandat[1]@xsi:type;mandats[1]/mandat[1]/uid[1];mandats[1]/mandat[1]/acteurRef[1];mandats[1]/mandat[1]/legislature[1];mandats[1]/mandat[1]/typeOrgane[1];mandats[1]/mandat[1]/dateDebut[1];mandats[1]/mandat[1]/datePublication[1];mandats[1]/mandat[1]/dateFin[1];mandats[1]/mandat[1]/preseance[1];mandats[1]/mandat[1]/nominPrincipale[1];mandats[1]/mandat[1]/infosQualite[1];mandats[1]/mandat[1]/infosQualite[1]/codeQualite[1];mandats[1]/mandat[1]/infosQualite[1]/libQualite[1];mandats[1]/mandat[1]/infosQualite[1]/libQualiteSex[1];mandats[1]/mandat[1]/organes[1];mandats[1]/mandat[1]/organes[1]/organeRef[1];mandats[1]/mandat[2];mandats[1]/mandat[2]@xsi:type;mandats[1]/mandat[2]/uid[1];mandats[1]/mandat[2]/acteurRef[1];mandats[1]/mandat[2]/legislature[1];mandats[1]/mandat[2]/typeOrgane[1];mandats[1]/mandat[2]/dateDebut[1];mandats[1]/mandat[2]/datePublication[1];mandats[1]/mandat[2]/dateFin[1];mandats[1]/mandat[2]/preseance[1];mandats[1]/mandat[2]/nominPrincipale[1];mandats[1]/mandat[2]/infosQualite[1];mandats[1]/mandat[2]/infosQualite[1]/codeQualite[1];mandats[1]/mandat[2]/infosQualite[1]/libQualite[1];mandats[1]/mandat[2]/infosQualite[1]/libQualiteSex[1];mandats[1]/mandat[2]/organes[1];mandats[1]/mandat[2]/organes[1]/organeRef[1];mandats[1]/mandat[3];mandats[1]/mandat[3]@xsi:type;mandats[1]/mandat[3]/uid[1];mandats[1]/mandat[3]/acteurRef[1];mandats[1]/mandat[3]/legislature[1];mandats[1]/mandat[3]/typeOrgane[1];mandats[1]/mandat[3]/dateDebut[1];mandats[1]/mandat[3]/datePublication[1];mandats[1]/mandat[3]/dateFin[1];mandats[1]/mandat[3]/preseance[1];mandats[1]/mandat[3]/nominPrincipale[1];mandats[1]/mandat[3]/infosQualite[1];mandats[1]/mandat[3]/infosQualite[1]/codeQualite[1];mandats[1]/mandat[3]/infosQualite[1]/libQualite[1];mandats[1]/mandat[3]/infosQualite[1]/libQualiteSex[1];mandats[1]/mandat[3]/organes[1];mandats[1]/mandat[3]/organes[1]/organeRef[1];mandats[1]/mandat[4];mandats[1]/mandat[4]@xsi:type;mandats[1]/mandat[4]/uid[1];mandats[1]/mandat[4]/acteurRef[1];mandats[1]/mandat[4]/legislature[1];mandats[1]/mandat[4]/typeOrgane[1];mandats[1]/mandat[4]/dateDebut[1];mandats[1]/mandat[4]/datePublication[1];mandats[1]/mandat[4]/dateFin[1];mandats[1]/mandat[4]/preseance[1];mandats[1]/mandat[4]/nominPrincipale[1];mandats[1]/mandat[4]/infosQualite[1];mandats[1]/mandat[4]/infosQualite[1]/codeQualite[1];mandats[1]/mandat[4]/infosQualite[1]/libQualite[1];mandats[1]/mandat[4]/infosQualite[1]/libQualiteSex[1];mandats[1]/mandat[4]/organes[1];mandats[1]/mandat[4]/organes[1]/organeRef[1];mandats[1]/mandat[4]/libelle[1];mandats[1]/mandat[4]/missionSuivanteRef[1];mandats[1]/mandat[4]/missionPrecedenteRef[1];mandats[1]/mandat[5];mandats[1]/mandat[5]@xsi:type;mandats[1]/mandat[5]/uid[1];mandats[1]/mandat[5]/acteurRef[1];mandats[1]/mandat[5]/legislature[1];mandats[1]/mandat[5]/typeOrgane[1];mandats[1]/mandat[5]/dateDebut[1];mandats[1]/mandat[5]/datePublication[1];mandats[1]/mandat[5]/dateFin[1];mandats[1]/mandat[5]/preseance[1];mandats[1]/mandat[5]/nominPrincipale[1];mandats[1]/mandat[5]/infosQualite[1];mandats[1]/mandat[5]/infosQualite[1]/codeQualite[1];mandats[1]/mandat[5]/infosQualite[1]/libQualite[1];mandats[1]/mandat[5]/infosQualite[1]/libQualiteSex[1];mandats[1]/mandat[5]/organes[1];mandats[1]/mandat[5]/organes[1]/organeRef[1];mandats[1]/mandat[6];mandats[1]/mandat[6]@xsi:type;mandats[1]/mandat[6]/uid[1];mandats[1]/mandat[6]/acteurRef[1];mandats[1]/mandat[6]/legislature[1];mandats[1]/mandat[6]/typeOrgane[1];mandats[1]/mandat[6]/dateDebut[1];mandats[1]/mandat[6]/datePublication[1];mandats[1]/mandat[6]/dateFin[1];mandats[1]/mandat[6]/preseance[1];mandats[1]/mandat[6]/nominPrincipale[1];mandats[1]/mandat[6]/infosQualite[1];mandats[1]/mandat[6]/infosQualite[1]/codeQualite[1];mandats[1]/mandat[6]/infosQualite[1]/libQualite[1];mandats[1]/mandat[6]/infosQualite[1]/libQualiteSex[1];mandats[1]/mandat[6]/organes[1];mandats[1]/mandat[6]/organes[1]/organeRef[1];mandats[1]/mandat[7];mandats[1]/mandat[7]@xsi:type;mandats[1]/mandat[7]/uid[1];mandats[1]/mandat[7]/acteurRef[1];mandats[1]/mandat[7]/legislature[1];mandats[1]/mandat[7]/typeOrgane[1];mandats[1]/mandat[7]/dateDebut[1];mandats[1]/mandat[7]/datePublication[1];mandats[1]/mandat[7]/dateFin[1];mandats[1]/mandat[7]/preseance[1];mandats[1]/mandat[7]/nominPrincipale[1];mandats[1]/mandat[7]/infosQualite[1];mandats[1]/mandat[7]/infosQualite[1]/codeQualite[1];mandats[1]/mandat[7]/infosQualite[1]/libQualite[1];mandats[1]/mandat[7]/infosQualite[1]/libQualiteSex[1];mandats[1]/mandat[7]/organes[1];mandats[1]/mandat[7]/organes[1]/organeRef[1];mandats[1]/mandat[8];mandats[1]/mandat[8]@xsi:type;mandats[1]/mandat[8]/uid[1];mandats[1]/mandat[8]/acteurRef[1];mandats[1]/mandat[8]/legislature[1];mandats[1]/mandat[8]/typeOrgane[1];mandats[1]/mandat[8]/dateDebut[1];mandats[1]/mandat[8]/datePublication[1];mandats[1]/mandat[8]/dateFin[1];mandats[1]/mandat[8]/preseance[1];mandats[1]/mandat[8]/nominPrincipale[1];mandats[1]/mandat[8]/infosQualite[1];mandats[1]/mandat[8]/infosQualite[1]/codeQualite[1];mandats[1]/mandat[8]/infosQualite[1]/libQualite[1];mandats[1]/mandat[8]/infosQualite[1]/libQualiteSex[1];mandats[1]/mandat[8]/organes[1];mandats[1]/mandat[8]/organes[1]/organeRef[1];mandats[1]/mandat[9];mandats[1]/mandat[9]@xsi:type;mandats[1]/mandat[9]/uid[1];mandats[1]/mandat[9]/acteurRef[1];mandats[1]/mandat[9]/legislature[1];mandats[1]/mandat[9]/typeOrgane[1];mandats[1]/mandat[9]/dateDebut[1];mandats[1]/mandat[9]/datePublication[1];mandats[1]/mandat[9]/dateFin[1];mandats[1]/mandat[9]/preseance[1];mandats[1]/mandat[9]/nominPrincipale[1];mandats[1]/mandat[9]/infosQualite[1];mandats[1]/mandat[9]/infosQualite[1]/codeQualite[1];mandats[1]/mandat[9]/infosQualite[1]/libQualite[1];mandats[1]/mandat[9]/infosQualite[1]/libQualiteSex[1];mandats[1]/mandat[9]/organes[1];mandats[1]/mandat[9]/organes[1]/organeRef[1];mandats[1]/mandat[10];mandats[1]/mandat[10]@xsi:type;mandats[1]/mandat[10]/uid[1];mandats[1]/mandat[10]/acteurRef[1];mandats[1]/mandat[10]/legislature[1];mandats[1]/mandat[10]/typeOrgane[1];mandats[1]/mandat[10]/dateDebut[1];mandats[1]/mandat[10]/datePublication[1];mandats[1]/mandat[10]/dateFin[1];mandats[1]/mandat[10]/preseance[1];mandats[1]/mandat[10]/nominPrincipale[1];mandats[1]/mandat[10]/infosQualite[1];mandats[1]/mandat[10]/infosQualite[1]/codeQualite[1];mandats[1]/mandat[10]/infosQualite[1]/libQualite[1];mandats[1]/mandat[10]/infosQualite[1]/libQualiteSex[1];mandats[1]/mandat[10]/organes[1];mandats[1]/mandat[10]/organes[1]/organeRef[1];mandats[1]/mandat[11];mandats[1]/mandat[11]@xsi:type;mandats[1]/mandat[11]/uid[1];mandats[1]/mandat[11]/acteurRef[1];mandats[1]/mandat[11]/legislature[1];mandats[1]/mandat[11]/typeOrgane[1];mandats[1]/mandat[11]/dateDebut[1];mandats[1]/mandat[11]/datePublication[1];mandats[1]/mandat[11]/dateFin[1];mandats[1]/mandat[11]/preseance[1];mandats[1]/mandat[11]/nominPrincipale[1];mandats[1]/mandat[11]/infosQualite[1];mandats[1]/mandat[11]/infosQualite[1]/codeQualite[1];mandats[1]/mandat[11]/infosQualite[1]/libQualite[1];mandats[1]/mandat[11]/infosQualite[1]/libQualiteSex[1];mandats[1]/mandat[11]/organes[1];mandats[1]/mandat[11]/organes[1]/organeRef[1];mandats[1]/mandat[12];mandats[1]/mandat[12]@xsi:type;mandats[1]/mandat[12]/uid[1];mandats[1]/mandat[12]/acteurRef[1];mandats[1]/mandat[12]/legislature[1];mandats[1]/mandat[12]/typeOrgane[1];mandats[1]/mandat[12]/dateDebut[1];mandats[1]/mandat[12]/datePublication[1];mandats[1]/mandat[12]/dateFin[1];mandats[1]/mandat[12]/preseance[1];mandats[1]/mandat[12]/nominPrincipale[1];mandats[1]/mandat[12]/infosQualite[1];mandats[1]/mandat[12]/infosQualite[1]/codeQualite[1];mandats[1]/mandat[12]/infosQualite[1]/libQualite[1];mandats[1]/mandat[12]/infosQualite[1]/libQualiteSex[1];mandats[1]/mandat[12]/organes[1];mandats[1]/mandat[12]/organes[1]/organeRef[1];mandats[1]/mandat[13];mandats[1]/mandat[13]@xsi:type;mandats[1]/mandat[13]/uid[1];mandats[1]/mandat[13]/acteurRef[1];mandats[1]/mandat[13]/legislature[1];mandats[1]/mandat[13]/typeOrgane[1];mandats[1]/mandat[13]/dateDebut[1];mandats[1]/mandat[13]/datePublication[1];mandats[1]/mandat[13]/dateFin[1];mandats[1]/mandat[13]/preseance[1];mandats[1]/mandat[13]/nominPrincipale[1];mandats[1]/mandat[13]/infosQualite[1];mandats[1]/mandat[13]/infosQualite[1]/codeQualite[1];mandats[1]/mandat[13]/infosQualite[1]/libQualite[1];mandats[1]/mandat[13]/infosQualite[1]/libQualiteSex[1];mandats[1]/mandat[13]/organes[1];mandats[1]/mandat[13]/organes[1]/organeRef[1];mandats[1]/mandat[14];mandats[1]/mandat[14]@xsi:type;mandats[1]/mandat[14]/uid[1];mandats[1]/mandat[14]/acteurRef[1];mandats[1]/mandat[14]/legislature[1];mandats[1]/mandat[14]/typeOrgane[1];mandats[1]/mandat[14]/dateDebut[1];mandats[1]/mandat[14]/datePublication[1];mandats[1]/mandat[14]/dateFin[1];mandats[1]/mandat[14]/preseance[1];mandats[1]/mandat[14]/nominPrincipale[1];mandats[1]/mandat[14]/infosQualite[1];mandats[1]/mandat[14]/infosQualite[1]/codeQualite[1];mandats[1]/mandat[14]/infosQualite[1]/libQualite[1];mandats[1]/mandat[14]/infosQualite[1]/libQualiteSex[1];mandats[1]/mandat[14]/organes[1];mandats[1]/mandat[14]/organes[1]/organeRef[1];mandats[1]/mandat[15];mandats[1]/mandat[15]@xsi:type;mandats[1]/mandat[15]/uid[1];mandats[1]/mandat[15]/acteurRef[1];mandats[1]/mandat[15]/legislature[1];mandats[1]/mandat[15]/typeOrgane[1];mandats[1]/mandat[15]/dateDebut[1];mandats[1]/mandat[15]/datePublication[1];mandats[1]/mandat[15]/dateFin[1];mandats[1]/mandat[15]/preseance[1];mandats[1]/mandat[15]/nominPrincipale[1];mandats[1]/mandat[15]/infosQualite[1];mandats[1]/mandat[15]/infosQualite[1]/codeQualite[1];mandats[1]/mandat[15]/infosQualite[1]/libQualite[1];mandats[1]/mandat[15]/infosQualite[1]/libQualiteSex[1];mandats[1]/mandat[15]/organes[1];mandats[1]/mandat[15]/organes[1]/organeRef[1];mandats[1]/mandat[16];mandats[1]/mandat[16]@xsi:type;mandats[1]/mandat[16]/uid[1];mandats[1]/mandat[16]/acteurRef[1];mandats[1]/mandat[16]/legislature[1];mandats[1]/mandat[16]/typeOrgane[1];mandats[1]/mandat[16]/dateDebut[1];mandats[1]/mandat[16]/datePublication[1];mandats[1]/mandat[16]/dateFin[1];mandats[1]/mandat[16]/preseance[1];mandats[1]/mandat[16]/nominPrincipale[1];mandats[1]/mandat[16]/infosQualite[1];mandats[1]/mandat[16]/infosQualite[1]/codeQualite[1];mandats[1]/mandat[16]/infosQualite[1]/libQualite[1];mandats[1]/mandat[16]/infosQualite[1]/libQualiteSex[1];mandats[1]/mandat[16]/organes[1];mandats[1]/mandat[16]/organes[1]/organeRef[1];mandats[1]/mandat[17];mandats[1]/mandat[17]@xsi:type;mandats[1]/mandat[17]/uid[1];mandats[1]/mandat[17]/acteurRef[1];mandats[1]/mandat[17]/legislature[1];mandats[1]/mandat[17]/typeOrgane[1];mandats[1]/mandat[17]/dateDebut[1];mandats[1]/mandat[17]/datePublication[1];mandats[1]/mandat[17]/dateFin[1];mandats[1]/mandat[17]/preseance[1];mandats[1]/mandat[17]/nominPrincipale[1];mandats[1]/mandat[17]/infosQualite[1];mandats[1]/mandat[17]/infosQualite[1]/codeQualite[1];mandats[1]/mandat[17]/infosQualite[1]/libQualite[1];mandats[1]/mandat[17]/infosQualite[1]/libQualiteSex[1];mandats[1]/mandat[17]/organes[1];mandats[1]/mandat[17]/organes[1]/organeRef[1];mandats[1]/mandat[18];mandats[1]/mandat[18]@xsi:type;mandats[1]/mandat[18]/uid[1];mandats[1]/mandat[18]/acteurRef[1];mandats[1]/mandat[18]/legislature[1];mandats[1]/mandat[18]/typeOrgane[1];mandats[1]/mandat[18]/dateDebut[1];mandats[1]/mandat[18]/datePublication[1];mandats[1]/mandat[18]/dateFin[1];mandats[1]/mandat[18]/preseance[1];mandats[1]/mandat[18]/nominPrincipale[1];mandats[1]/mandat[18]/infosQualite[1];mandats[1]/mandat[18]/infosQualite[1]/codeQualite[1];mandats[1]/mandat[18]/infosQualite[1]/libQualite[1];mandats[1]/mandat[18]/infosQualite[1]/libQualiteSex[1];mandats[1]/mandat[18]/organes[1];mandats[1]/mandat[18]/organes[1]/organeRef[1];mandats[1]/mandat[19];mandats[1]/mandat[19]@xsi:type;mandats[1]/mandat[19]/uid[1];mandats[1]/mandat[19]/acteurRef[1];mandats[1]/mandat[19]/legislature[1];mandats[1]/mandat[19]/typeOrgane[1];mandats[1]/mandat[19]/dateDebut[1];mandats[1]/mandat[19]/datePublication[1];mandats[1]/mandat[19]/dateFin[1];mandats[1]/mandat[19]/preseance[1];mandats[1]/mandat[19]/nominPrincipale[1];mandats[1]/mandat[19]/infosQualite[1];mandats[1]/mandat[19]/infosQualite[1]/codeQualite[1];mandats[1]/mandat[19]/infosQualite[1]/libQualite[1];mandats[1]/mandat[19]/infosQualite[1]/libQualiteSex[1];mandats[1]/mandat[19]/organes[1];mandats[1]/mandat[19]/organes[1]/organeRef[1];mandats[1]/mandat[20];mandats[1]/mandat[20]@xsi:type;mandats[1]/mandat[20]/uid[1];mandats[1]/mandat[20]/acteurRef[1];mandats[1]/mandat[20]/legislature[1];mandats[1]/mandat[20]/typeOrgane[1];mandats[1]/mandat[20]/dateDebut[1];mandats[1]/mandat[20]/datePublication[1];mandats[1]/mandat[20]/dateFin[1];mandats[1]/mandat[20]/preseance[1];mandats[1]/mandat[20]/nominPrincipale[1];mandats[1]/mandat[20]/infosQualite[1];mandats[1]/mandat[20]/infosQualite[1]/codeQualite[1];mandats[1]/mandat[20]/infosQualite[1]/libQualite[1];mandats[1]/mandat[20]/infosQualite[1]/libQualiteSex[1];mandats[1]/mandat[20]/organes[1];mandats[1]/mandat[20]/organes[1]/organeRef[1];mandats[1]/mandat[21];mandats[1]/mandat[21]@xsi:type;mandats[1]/mandat[21]/uid[1];mandats[1]/mandat[21]/acteurRef[1];mandats[1]/mandat[21]/legislature[1];mandats[1]/mandat[21]/typeOrgane[1];mandats[1]/mandat[21]/dateDebut[1];mandats[1]/mandat[21]/datePublication[1];mandats[1]/mandat[21]/dateFin[1];mandats[1]/mandat[21]/preseance[1];mandats[1]/mandat[21]/nominPrincipale[1];mandats[1]/mandat[21]/infosQualite[1];mandats[1]/mandat[21]/infosQualite[1]/codeQualite[1];mandats[1]/mandat[21]/infosQualite[1]/libQualite[1];mandats[1]/mandat[21]/infosQualite[1]/libQualiteSex[1];mandats[1]/mandat[21]/organes[1];mandats[1]/mandat[21]/organes[1]/organeRef[1];mandats[1]/mandat[22];mandats[1]/mandat[22]@xsi:type;mandats[1]/mandat[22]/uid[1];mandats[1]/mandat[22]/acteurRef[1];mandats[1]/mandat[22]/legislature[1];mandats[1]/mandat[22]/typeOrgane[1];mandats[1]/mandat[22]/dateDebut[1];mandats[1]/mandat[22]/datePublication[1];mandats[1]/mandat[22]/dateFin[1];mandats[1]/mandat[22]/preseance[1];mandats[1]/mandat[22]/nominPrincipale[1];mandats[1]/mandat[22]/infosQualite[1];mandats[1]/mandat[22]/infosQualite[1]/codeQualite[1];mandats[1]/mandat[22]/infosQualite[1]/libQualite[1];mandats[1]/mandat[22]/infosQualite[1]/libQualiteSex[1];mandats[1]/mandat[22]/organes[1];mandats[1]/mandat[22]/organes[1]/organeRef[1];mandats[1]/mandat[22]/suppleants[1];mandats[1]/mandat[22]/suppleants[1]/suppleant[1];mandats[1]/mandat[22]/suppleants[1]/suppleant[1]/dateDebut[1];mandats[1]/mandat[22]/suppleants[1]/suppleant[1]/dateFin[1];mandats[1]/mandat[22]/suppleants[1]/suppleant[1]/suppleantRef[1];mandats[1]/mandat[22]/chambre[1];mandats[1]/mandat[22]/election[1];mandats[1]/mandat[22]/election[1]/lieu[1];mandats[1]/mandat[22]/election[1]/lieu[1]/region[1];mandats[1]/mandat[22]/election[1]/lieu[1]/regionType[1];mandats[1]/mandat[22]/election[1]/lieu[1]/departement[1];mandats[1]/mandat[22]/election[1]/lieu[1]/numDepartement[1];mandats[1]/mandat[22]/election[1]/lieu[1]/numCirco[1];mandats[1]/mandat[22]/election[1]/causeMandat[1];mandats[1]/mandat[22]/election[1]/refCirconscription[1];mandats[1]/mandat[22]/mandature[1];mandats[1]/mandat[22]/mandature[1]/datePriseFonction[1];mandats[1]/mandat[22]/mandature[1]/causeFin[1];mandats[1]/mandat[22]/mandature[1]/premiereElection[1];mandats[1]/mandat[22]/mandature[1]/placeHemicycle[1];mandats[1]/mandat[22]/mandature[1]/mandatRemplaceRef[1];mandats[1]/mandat[22]/collaborateurs[1];mandats[1]/mandat[22]/collaborateurs[1]/collaborateur[1];mandats[1]/mandat[22]/collaborateurs[1]/collaborateur[1]/qualite[1];mandats[1]/mandat[22]/collaborateurs[1]/collaborateur[1]/prenom[1];mandats[1]/mandat[22]/collaborateurs[1]/collaborateur[1]/nom[1];mandats[1]/mandat[22]/collaborateurs[1]/collaborateur[1]/dateDebut[1];mandats[1]/mandat[22]/collaborateurs[1]/collaborateur[1]/dateFin[1];mandats[1]/mandat[22]/collaborateurs[1]/collaborateur[2];mandats[1]/mandat[22]/collaborateurs[1]/collaborateur[2]/qualite[1];mandats[1]/mandat[22]/collaborateurs[1]/collaborateur[2]/prenom[1];mandats[1]/mandat[22]/collaborateurs[1]/collaborateur[2]/nom[1];mandats[1]/mandat[22]/collaborateurs[1]/collaborateur[2]/dateDebut[1];mandats[1]/mandat[22]/collaborateurs[1]/collaborateur[2]/dateFin[1];mandats[1]/mandat[22]/collaborateurs[1]/collaborateur[3];mandats[1]/mandat[22]/collaborateurs[1]/collaborateur[3]/qualite[1];mandats[1]/mandat[22]/collaborateurs[1]/collaborateur[3]/prenom[1];mandats[1]/mandat[22]/collaborateurs[1]/collaborateur[3]/nom[1];mandats[1]/mandat[22]/collaborateurs[1]/collaborateur[3]/dateDebut[1];mandats[1]/mandat[22]/collaborateurs[1]/collaborateur[3]/dateFin[1];mandats[1]/mandat[22]/collaborateurs[1]/collaborateur[4];mandats[1]/mandat[22]/collaborateurs[1]/collaborateur[4]/qualite[1];mandats[1]/mandat[22]/collaborateurs[1]/collaborateur[4]/prenom[1];mandats[1]/mandat[22]/collaborateurs[1]/collaborateur[4]/nom[1];mandats[1]/mandat[22]/collaborateurs[1]/collaborateur[4]/dateDebut[1];mandats[1]/mandat[22]/collaborateurs[1]/collaborateur[4]/dateFin[1];mandats[1]/mandat[22]/collaborateurs[1]/collaborateur[5];mandats[1]/mandat[22]/collaborateurs[1]/collaborateur[5]/qualite[1];mandats[1]/mandat[22]/collaborateurs[1]/collaborateur[5]/prenom[1];mandats[1]/mandat[22]/collaborateurs[1]/collaborateur[5]/nom[1];mandats[1]/mandat[22]/collaborateurs[1]/collaborateur[5]/dateDebut[1];mandats[1]/mandat[22]/collaborateurs[1]/collaborateur[5]/dateFin[1];mandats[1]/mandat[23];mandats[1]/mandat[23]@xsi:type;mandats[1]/mandat[23]/uid[1];mandats[1]/mandat[23]/acteurRef[1];mandats[1]/mandat[23]/legislature[1];mandats[1]/mandat[23]/typeOrgane[1];mandats[1]/mandat[23]/dateDebut[1];mandats[1]/mandat[23]/datePublication[1];mandats[1]/mandat[23]/dateFin[1];mandats[1]/mandat[23]/preseance[1];mandats[1]/mandat[23]/nominPrincipale[1];mandats[1]/mandat[23]/infosQualite[1];mandats[1]/mandat[23]/infosQualite[1]/codeQualite[1];mandats[1]/mandat[23]/infosQualite[1]/libQualite[1];mandats[1]/mandat[23]/infosQualite[1]/libQualiteSex[1];mandats[1]/mandat[23]/organes[1];mandats[1]/mandat[23]/organes[1]/organeRef[1];mandats[1]/mandat[24];mandats[1]/mandat[24]@xsi:type;mandats[1]/mandat[24]/uid[1];mandats[1]/mandat[24]/acteurRef[1];mandats[1]/mandat[24]/legislature[1];mandats[1]/mandat[24]/typeOrgane[1];mandats[1]/mandat[24]/dateDebut[1];mandats[1]/mandat[24]/datePublication[1];mandats[1]/mandat[24]/dateFin[1];mandats[1]/mandat[24]/preseance[1];mandats[1]/mandat[24]/nominPrincipale[1];mandats[1]/mandat[24]/infosQualite[1];mandats[1]/mandat[24]/infosQualite[1]/codeQualite[1];mandats[1]/mandat[24]/infosQualite[1]/libQualite[1];mandats[1]/mandat[24]/infosQualite[1]/libQualiteSex[1];mandats[1]/mandat[24]/organes[1];mandats[1]/mandat[24]/organes[1]/organeRef[1]
;PA720968;IdActeur_type;;;Mme;Justine;Benin;Benin;JBE;;1975-03-12;Abymes;Guadeloupe;France;;;Fonctionnaire de catégorie B;;Cadres de la fonction publique, professions intellectuelles et  artistiques;Cadres et professions intellectuelles supérieures;https://www.hatvp.fr/pages_nominatives/benin-justine;;;AdressePostale_Type;AD720970;0;Adresse officielle;1;;Assemblée nationale,;126;Rue de l'Université,;;75355;Paris 07 SP;;AdresseMail_Type;AD728203;15;Mèl;;;justine.benin@assemblee-nationale.fr;;AdresseSiteWeb_Type;AD728544;25;Facebook;;;justinebenin2;;AdressePostale_Type;AD729114;2;Adresse publiée de circonscription;22;;;19;Rue Joffre;;97160;Le Moule;;AdresseTelephonique_Type;AD729116;11;Téléphone;22;AD729114;05 90 90 36 73;;;MandatSimple_Type;PM763402;PA720968;15;ORGEXTPARL;2019-03-14;2019-03-15;;20;1;;Titulaire;Membre titulaire;Membre titulaire;;PO763346;;MandatSimple_Type;PM739074;PA720968;15;GA;2017-10-11;;;20;0;;Membre;Membre;Membre;;PO733592;;MandatSimple_Type;PM770855;PA720968;15;COMPER;2020-03-06;2020-03-06;2020-06-05;32;1;;Membre;Membre;Membre;;PO420120;;MandatMission_Type;PM743651;PA720968;15;MISINFOPRE;2017-11-22;2017-11-22;2018-11-14;20;1;;Membre;Membre;Membre;;PO743158;;;;;MandatSimple_Type;PM756070;PA720968;15;COMPER;2018-05-12;2018-05-12;2020-03-03;32;1;;Membre;Membre;Membre;;PO420120;;MandatSimple_Type;PM770753;PA720968;15;COMPER;2020-03-04;2020-03-04;2020-03-05;32;1;;Membre;Membre;Membre;;PO419865;;MandatSimple_Type;PM754604;PA720968;15;COMPER;2018-03-31;2018-03-31;2018-05-11;32;1;;Membre;Membre;Membre;;PO59048;;MandatSimple_Type;PM753588;PA720968;15;GE;2018-03-15;;2020-01-15;20;1;;Membre;Membre;Membre;;PO747129;;MandatSimple_Type;PM732530;PA720968;15;DELEG;2017-07-12;2017-07-12;;20;1;;Membre;Membre;Membre;;PO675659;;MandatSimple_Type;PM754898;PA720968;15;GE;2018-03-30;;;20;0;;Membre;Membre;Membre;;PO746827;;MandatSimple_Type;PM753703;PA720968;15;GE;2018-03-15;;;20;1;;Membre;Membre;Membre;;PO747042;;MandatSimple_Type;PM724604;PA720968;15;GP;2017-06-21;;2017-06-26;28;1;;Député non-inscrit;Député non-inscrit;Députée non-inscrite;;PO723569;;MandatSimple_Type;PM742330;PA720968;15;GA;2017-10-31;;;8;1;;Vice-Président;Vice-Président;Vice-Présidente;;PO733592;;MandatSimple_Type;PM762446;PA720968;15;GE;2019-01-30;;;8;1;;Vice-Président;Vice-Président;Vice-Présidente;;PO746827;;MandatSimple_Type;PM774885;PA720968;15;GP;2020-09-24;2020-09-24;;24;1;;Membre apparenté;Apparenté au;Apparentée au;;PO774834;;MandatSimple_Type;PM731612;PA720968;15;COMPER;2017-06-29;2017-06-29;2018-03-30;32;1;;Membre;Membre;Membre;;PO420120;;MandatSimple_Type;PM731439;PA720968;15;GP;2017-06-27;2017-06-28;2020-09-23;24;1;;Membre apparenté;Apparenté au;Apparentée au;;PO730970;;MandatSimple_Type;PM740752;PA720968;15;ORGEXTPARL;2017-10-23;2017-10-24;;30;1;;Suppléant;Membre suppléant;Membre suppléante;;PO425985;;MandatSimple_Type;PM755813;PA720968;15;GE;2018-04-17;;2020-01-15;20;1;;Membre;Membre;Membre;;PO747114;;MandatSimple_Type;PM765817;PA720968;15;CNPE;2019-06-18;2019-06-19;2019-11-26;16;1;;Rapporteur;Rapporteur;Rapporteure;;PO765498;;MandatSimple_Type;PM765754;PA720968;15;CNPE;2019-06-13;2019-06-14;2019-11-26;20;1;;Membre;Membre;Membre;;PO765498;;MandatParlementaire_type;PM723126;PA720968;15;ASSEMBLEE;2017-06-18;;;50;1;;membre;membre;membre;;PO717460;;;2017-06-18;;PA720972;;;;Guadeloupe;Dom;Guadeloupe;971;2;élections générales;PO718522;;2017-06-21;;0;258;;;;Mme;Younid;Coupan;;;;M.;Corentin;Masclet;;;;M.;Morgan;Justine;;;;M.;Pédro;Hippon;;;;Mme;Yannety;Saint Julien;;;;MandatSimple_Type;PM772416;PA720968;15;COMPER;2020-06-11;2020-06-11;;32;1;;Membre;Membre;Membre;;PO420120;;MandatSimple_Type;PM772351;PA720968;15;COMPER;2020-06-06;2020-06-06;2020-06-10;32;1;;Membre;Membre;Membre;;PO419610
